01 01 23 Sep 09
01 02 30 Sep 09
01 03 07 Oct 09
01 04 14 Oct 09
01 05 21 Oct 09
01 06 28 Oct 09
01 07 04 Nov 09
01 08 18 Nov 09
01 09 25 Nov 09
01 10 09 Dec 09
01 11 06 Jan 10
01 12 13 Jan 10
01 13 20 Jan 10
01 14 03 Feb 10
01 15 10 Feb 10
01 16 03 Mar 10
01 17 10 Mar 10
01 18 24 Mar 10
01 19 31 Mar 10
01 20 14 Apr 10
01 21 28 Apr 10
01 22 05 May 10
01 23 12 May 10
01 24 19 May 10
02 01 22 Sep 10
02 02 29 Sep 10
02 03 06 Oct 10
02 04 13 Oct 10
02 05 20 Oct 10
02 06 27 Oct 10
02 07 03 Nov 10
02 08 17 Nov 10
02 09 24 Nov 10
02 10 08 Dec 10
02 11 05 Jan 11
02 12 12 Jan 11
02 13 19 Jan 11
02 14 09 Feb 11
02 15 16 Feb 11
02 16 23 Feb 11
02 17 02 Mar 11
02 18 23 Mar 11
02 19 13 Apr 11
02 20 20 Apr 11
02 21 04 May 11
02 22 11 May 11
02 23 18 May 11
02 24 25 May 11
03 01 21 Sep 11
03 02 21 Sep 11
03 03 28 Sep 11
03 04 05 Oct 11
03 05 12 Oct 11
03 06 19 Oct 11
03 07 02 Nov 11
03 08 16 Nov 11
03 09 23 Nov 11
03 10 07 Dec 11
03 11 04 Jan 12
03 12 11 Jan 12
03 13 18 Jan 12
03 14 08 Feb 12
03 15 15 Feb 12
03 16 22 Feb 12
03 17 29 Feb 12
03 18 14 Mar 12
03 19 11 Apr 12
03 20 18 Apr 12
03 21 02 May 12
03 22 09 May 12
03 23 16 May 12
03 24 23 May 12
04 01 26 Sep 12
04 02 10 Oct 12
04 03 10 Oct 12
04 04 17 Oct 12
04 05 24 Oct 12
04 06 31 Oct 12
04 07 07 Nov 12
04 08 14 Nov 12
04 09 28 Nov 12
04 10 12 Dec 12
04 11 09 Jan 13
04 12 16 Jan 13
04 13 23 Jan 13
04 14 06 Feb 13
04 15 13 Feb 13
04 16 20 Feb 13
04 17 27 Feb 13
04 18 27 Mar 13
04 19 03 Apr 13
04 20 10 Apr 13
04 21 01 May 13
04 22 08 May 13
04 23 15 May 13
04 24 22 May 13
05 01 25 Sep 13
05 02 25 Sep 13
05 03 02 Oct 13
05 04 09 Oct 13
05 05 16 Oct 13
05 06 23 Oct 13
05 07 13 Nov 13
05 08 20 Nov 13
05 09 04 Dec 13
05 10 11 Dec 13
05 11 08 Jan 14
05 12 15 Jan 14
05 13 22 Jan 14
05 14 05 Feb 14
05 15 26 Feb 14
05 16 05 Mar 14
05 17 12 Mar 14
05 18 26 Mar 14
05 19 02 Apr 14
05 20 23 Apr 14
05 21 30 Apr 14
05 22 07 May 14
05 23 14 May 14
05 24 21 May 14
06 01 24 Sep 14
06 02 01 Oct 14
06 03 08 Oct 14
06 04 15 Oct 14
06 05 22 Oct 14
06 06 29 Oct 14
06 07 12 Nov 14
06 08 19 Nov 14
06 09 03 Dec 14
06 10 10 Dec 14
06 11 07 Jan 15
06 12 14 Jan 15
06 13 04 Feb 15
06 14 11 Feb 15
06 15 18 Feb 15
06 16 25 Feb 15
06 17 04 Mar 15
06 18 25 Mar 15
06 19 01 Apr 15
06 20 22 Apr 15
06 21 29 Apr 15
06 22 06 May 15
06 23 13 May 15
06 24 20 May 15
07 01 23 Sep 15
07 02 30 Sep 15
07 03 07 Oct 15
07 04 14 Oct 15
07 05 21 Oct 15
07 06 11 Nov 15
07 07 18 Nov 15
07 08 02 Dec 15
07 09 09 Dec 15
07 10 06 Jan 16
07 11 13 Jan 16
07 12 10 Feb 16
07 13 17 Feb 16
07 14 24 Feb 16
07 15 02 Mar 16
07 16 16 Mar 16
07 17 23 Mar 16
07 18 06 Apr 16
07 19 13 Apr 16
07 20 04 May 16
07 21 11 May 16
07 22 18 May 16
08 01 21 Sep 16
08 02 28 Sep 16
08 03 05 Oct 16
08 04 12 Oct 16
08 05 26 Oct 16
08 06 09 Nov 16
08 07 16 Nov 16
08 08 30 Nov 16
08 09 14 Dec 16
08 10 04 Jan 17
08 11 11 Jan 17
08 12 08 Feb 17
08 13 15 Feb 17
08 14 22 Feb 17
08 15 01 Mar 17
08 16 08 Mar 17
08 17 15 Mar 17
08 18 29 Mar 17
08 19 05 Apr 17
08 20 03 May 17
08 21 10 May 17
